,window_385--GCA_014654785.1,window_236--NPDC045608,window_423--NPDC052115,window_328--GCA_008704495.1,window_37--NPDC025395,window_738--GCA_008704795.1,window_159--GCA_005938145.1,window_50--NPDC052114,window_653--NPDC059887,window_720--NPDC032246,window_268--NPDC025403,window_790--NPDC053754,window_64--NPDC045938,window_533--NPDC007986,window_680--GCA_014650495.1,window_741--GCA_044326745.1,window_330--NPDC006439,window_9--GCA_036227125.1,window_657--NPDC053751,window_267--NPDC046215,window_495--GCA_044326755.1,window_439--NPDC041068,window_584--NPDC021736,window_757--NPDC003691,window_690--NPDC020656,window_120--NPDC004732,window_332--NPDC053390,window_359--NPDC005853,window_86--NPDC000785,window_571--GCA_008042075.1,window_254--GCA_014203475.1,window_352--NPDC049867,window_484--GCA_030490905.1,window_438--NPDC023046,window_38--NPDC057796,window_601--NPDC045376,window_389--NPDC053753,window_815--NPDC057833,window_430--NPDC057836,window_296--GCA_022698305.1,window_343--GCA_039524935.1,window_510--GCA_014656295.1,window_106--GCA_900110755.1,window_68--NPDC050504,window_237--NPDC001922,window_377--NPDC002055,window_225--NPDC025244,window_496--NPDC018347,window_512--NPDC051636,window_748--GCA_002556545.1,window_535--NPDC024387,window_534--NPDC031945,window_455--NPDC057837,window_502--NPDC012751,window_798--NPDC024139,window_742--NPDC057838,window_338--NPDC023457,window_747--NPDC021432,window_823--GCA_000590515.1,window_136--NPDC007153,window_807--GCA_003933965.1,window_320--NPDC004259,window_644--NPDC021450,window_128--NPDC015242,window_734--NPDC020840,window_324--NPDC006537,window_781--GCA_044326795.1,window_538--NPDC021725,window_202--NPDC001789,window_36--NPDC057840,window_126--GCA_014649235.1,window_591--GCA_006088715.1,window_448--NPDC007050
window_385--GCA_014654785.1,1.0,0.006158738730765655,0.003721049074593637,0.0009038573098201345,0.003922629169644682,0.004311010069424408,0.00528584259650525,0.003720051392172949,0.004845868311479476,0.003931259722042431,0.004383226981662362,0.005402325369774207,0.003913655900117278,0.0038473603187177776,0.04906122515912101,0.03409403048982461,0.003964457127844403,0.0017848694760349898,0.005425006697539135,0.0037454916020264136,0.03409403048982461,0.033172454619412525,0.004822094254079647,0.004216094671144617,0.004663811727941511,0.004292199377813157,0.005550142537238137,0.013366790522607735,0.004738261161790132,0.005404202049402474,0.003971185344522028,0.003594518648303479,0.004479604159841978,0.003931716857655063,0.031511283758786535,0.003963978890614081,0.003963500965040475,0.004698865580384718,0.004698865580384718,0.004476987733725006,0.004721644484652908,0.0012150049633154214,0.0008789830267082804,0.03639202242756845,0.004095804346069003,0.004120601928593051,0.005639683405775087,0.004757396073674489,0.003995726803717925,0.0041329941165577574,0.004502572898799314,0.004527911225794045,0.004637035648608427,0.004283648489019524,0.003963023350819033,0.004698865580384718,0.003963500965040475,0.004181357041743374,0.008530004827358665,0.004303728717500651,0.011308559326852012,0.003933548318302926,0.010399642229038665,0.004148094766357384,0.004240060316835327,0.0039308028776917385,0.035096375883372985,0.004767478745095612,0.00538369098834664,0.004698865580384718,0.004304454220879078,0.003691809855256247,0.003963978890614081
window_236--NPDC045608,0.006158738730765655,1.0,0.04093491832245724,0.030808582085526733,0.04264241654246284,0.04592494174346801,0.04336821215714501,0.04092646094638782,0.6689726261293354,0.5682410258276243,0.023435118200350977,0.730160559288632,0.5662938112164054,0.5589586049210973,0.11510775248486188,0.01576960861739716,0.5719124774471999,0.015887428543026046,0.6867509487959859,0.04105352727486122,0.015769608617397162,0.0424173737843388,0.04121509485302613,0.04401584504808203,0.2663906248959408,0.04576617764819813,0.7462264773888789,0.23214152348832368,0.04952495755858924,0.019705470509205826,0.04305332849195474,0.039742633740154985,0.2579580117784955,0.5682915880188175,0.03978995562957689,0.5718595927640143,0.5718067423769917,0.01677831699141582,0.01677831699141582,0.0473248389538127,0.049296596061484954,0.022329146646017567,0.008532852900866774,0.04409285879315714,0.162976880856337,0.04396794018958766,0.670420863612132,0.028362783052622076,0.04293805919568027,0.0442458970259448,0.023965544498737435,0.26016940190874566,0.01661531080764196,0.022992547121938364,0.5717539262527809,0.01677831699141582,0.5718067423769917,0.04356257459396914,0.01576416264510148,0.25030827006515566,0.034203873232102326,0.04304433776790177,0.03691380178719776,0.01532628484534376,0.12329269607012058,0.5681904956986955,0.01614711532405824,0.04096152284702883,0.05494154588972918,0.01677831699141582,0.04606905384208188,0.04029838283964037,0.5718595927640143
window_423--NPDC052115,0.003721049074593637,0.04093491832245724,1.0,0.048951954407748806,0.09988672749274247,0.14310511313779117,0.04753426565295636,0.9902173913043478,0.02978155696727897,0.0224207790559995,0.013685466007060953,0.03467965945376429,0.02227408053995655,0.02172161736162738,0.06010681834627005,0.04481935008887498,0.02269742410434926,0.0051803812610079665,0.027677367744666115,0.02101140764440046,0.04481935008887498,0.0526565761432117,0.04365865450554239,0.05762697444295295,0.048033688900451205,0.12579230154479615,0.03658989523419076,0.17084238966963008,0.11819021168521453,0.012392401540689773,0.1270955927646124,0.04678810669698092,0.0452140511223105,0.022424588519438092,0.04690294597577949,0.022693438794096576,0.02268945608098319,0.009481098647417153,0.009481098647417153,0.15092450532261936,0.029254476431024187,0.014582396504540312,0.02503220612058176,0.07530159375999466,0.04009920049310413,0.04044912193538791,0.037705129120624514,0.03561416638676056,0.03868699517326115,0.05701009952422177,0.01421589230544741,0.046115981814592505,0.009318092463643294,0.01324289492864834,0.022685475962471183,0.009481098647417153,0.02268945608098319,0.05684922987856216,0.009570379229879852,0.04295251753089682,0.026906654888103662,0.07114406103242167,0.046824476354717176,0.05709205400018121,0.042054085654841714,0.02241697201974372,0.03727486679318841,0.043202224894747246,0.08220578905014844,0.009481098647417153,0.14299706304139592,0.07506162436208867,0.022693438794096576
window_328--GCA_008704495.1,0.0009038573098201345,0.030808582085526733,0.048951954407748806,1.0,0.052446009388633585,0.1571100165866306,0.01982940344994415,0.04893466124579021,0.038212933434536654,0.02693276083147978,0.01938134699447638,0.026354147848577092,0.038753330209871595,0.017197131436800343,0.02704351567226889,0.007130340941586594,0.02734219550303743,0.005148106008060803,0.026487715667637225,0.016597237882951203,0.007130340941586595,0.05229820302653712,0.018073784725047223,0.03837168947386097,0.03717122802797126,0.058851892996887145,0.02722462672364246,0.0732559981930412,0.0665836305858214,0.009949131851467173,0.14140256263558726,0.04724644628231365,0.03479699715024393,0.0269383988373689,0.04734685220913208,0.027336297243863453,0.027330402828455648,0.007895567983945577,0.007895567983945577,0.13896928321148566,0.022345693747307223,0.007567382697795251,0.004374255750142801,0.07864889601638751,0.042255809831440824,0.018806220917176954,0.027751922949471167,0.02270729447902862,0.01807084518180122,0.8189151163200692,0.020442199591249294,0.03541962155584835,0.007771908120392995,0.018496204837651156,0.027324512253057875,0.007895567983945577,0.02733040282845564,0.8036271316404177,0.0012117311227343637,0.03313232591971711,0.021114955476880165,0.05311404896973865,0.03211239002685684,0.00679402635589091,0.03170954317371377,0.02692712641782123,0.007416725339743274,0.017867026012464808,0.644909999655334,0.007895567983945577,0.13244127942334583,0.09027236564790904,0.027336297243863453
window_37--NPDC025395,0.003922629169644682,0.04264241654246284,0.09988672749274247,0.052446009388633585,1.0,0.08565854373504711,0.04448480154712611,0.09046993568467587,0.031506186669382354,0.02414540875810288,0.014558979752282146,0.03640428915586767,0.023998710242059934,0.023446247063730767,0.03731449237275835,0.06775728275628398,0.024422053806452647,0.005561143662771051,0.029021235045006415,0.04293710078697055,0.06775728275628398,0.07768994613545206,0.04041044111010117,0.04344686876968082,0.030184691518928324,0.13489805358426876,0.03831452493629414,0.10270951480781348,0.5903714883891737,0.012997141825842908,0.07667206767651752,0.12800013933883722,0.028429364134251588,0.02414921822154148,0.0906678358704901,0.024418068496199957,0.024414085783086573,0.010085127519997263,0.010085127519997263,0.09004773085766293,0.05855554690899445,0.01529912573138847,0.0048060036323318185,0.08063226738467785,0.02551661395832431,0.04977475099426319,0.039429758822727895,0.00900918243594433,0.024682634438732,0.061041701425242664,0.015089406050668604,0.029052187334366097,0.009922121336223404,0.014116408673869534,0.024410105664574563,0.010085127519997263,0.02441408578308657,0.060880831779583054,0.01015101133553703,0.02718399976525447,0.02751068376068377,0.07647473465710486,0.0352086261749019,0.008633095373925202,0.026653429759710117,0.02414160172184711,0.06131652773987957,0.039930604852598583,0.08623739095116933,0.010085127519997263,0.08568598117525533,0.06968233292150235,0.024418068496199957
window_738--GCA_008704795.1,0.004311010069424408,0.04592494174346801,0.14310511313779117,0.1571100165866306,0.08565854373504711,1.0,0.07074457216000657,0.14305811121041656,0.034829001034164454,0.027468223122884983,0.01624196365132763,0.03972710352064978,0.05172759620899765,0.026769061428512868,0.06846672771393744,0.06090361913345782,0.027744868171234748,0.006294752029021645,0.03161044104353792,0.026058851711285944,0.060903619133457834,0.06445579603982712,0.06494771787968653,0.06929509189627264,0.0563935982681186,0.12189794412002701,0.04163733930107624,0.17920229903729745,0.10722747863844903,0.0498302603663814,0.8537177339790267,0.05858732659359635,0.05357396048997789,0.02747203258632358,0.10245305498257345,0.02774088286098206,0.027736900147868677,0.011248594652050782,0.011248594652050782,0.8990706846738246,0.03430192049790967,0.016680035597271943,0.005453305131964695,0.11515638082929198,0.061654864716069485,0.0746310487846159,0.04275257318751,0.009958557968739217,0.04714310276583553,0.16846308938115062,0.016772389949714084,0.0544758911822599,0.011085588468276925,0.015799392572915016,0.027732920029356668,0.011248594652050782,0.027736900147868674,0.16988649665602293,0.011268973377748875,0.05131242689856422,0.02867415089273729,0.11130162165750479,0.05803373525650184,0.03340871867363132,0.05041399502250911,0.02746441608662921,0.05388182573216189,0.0642650240173861,0.1613752653586113,0.011248594652050782,0.8583810453421912,0.10268275153443848,0.02774088286098206
window_159--GCA_005938145.1,0.00528584259650525,0.04336821215714501,0.04753426565295636,0.01982940344994415,0.04448480154712611,0.07074457216000657,1.0,0.04751458724385624,0.032240034892636125,0.02491050907793474,0.026735307990694603,0.037110507358111194,0.02476427408164536,0.05766399883613421,0.06586596652852089,0.14472026395909074,0.025186264476837063,0.031116733644663306,0.032434486145125,0.023505549016310745,0.14472026395909077,0.04420861233783256,0.8646835283399991,0.04680905518764335,0.05386213950090998,0.04964032070979427,0.03901033532284789,0.1749139324574714,0.055857275155578194,0.015082628901291743,0.06404807899251322,0.022233982374425955,0.0510549275006144,0.024914306428619366,0.036059514079797905,0.02518229212693469,0.02517832236151501,0.1584094173982442,0.1584094173982442,0.07401344854378736,0.03171690581066349,0.013226230770041862,0.014336750117504798,0.02661720701358875,0.04588035030476061,0.04622902240103267,0.040119107965876734,0.03164716013496642,0.04447299214873224,0.047238496779608355,0.02726344829153745,0.051953344707001,0.15619790884458948,0.026294537298167622,0.02517435517805658,0.1584094173982442,0.02517832236151501,0.046787075680778514,0.17302376594342922,0.048803324936511835,0.02943714100467305,0.025566868663420877,0.08821714430510738,0.1387009214510812,0.047908425761147844,0.024906714142867603,0.14984451012292324,0.85547301286062,0.06484203279867301,0.1584094173982442,0.07081583294384294,0.0227883530571658,0.02518229212693469
window_50--NPDC052114,0.003720051392172949,0.04092646094638782,0.9902173913043478,0.04893466124579021,0.09046993568467587,0.14305811121041656,0.04751458724385624,1.0,0.029773021239901973,0.022412243328622503,0.013681142716571306,0.034671123726387296,0.022265544812579554,0.021713081634250384,0.06009264949545245,0.04481050415997959,0.022688888376972263,0.005178496749768889,0.027670716528528195,0.021002871917023463,0.04481050415997959,0.05263662249479795,0.04363897609644227,0.05760724250174379,0.048019520049633606,0.12575039888312725,0.036581359506813765,0.17082822081881247,0.10878117962930883,0.01238940849342771,0.1270485908372378,0.046768153048567164,0.045199882271492894,0.022416052792061096,0.04688299232736574,0.02268490306671958,0.022680920353606193,0.009478108852142092,0.009478108852142092,0.15087750339524475,0.02924594070364719,0.014578849189266755,0.025022894417988675,0.07527521060264758,0.040084900378407604,0.040434821820691386,0.03769659339324752,0.03560396785534908,0.03867269505856462,0.056990145875808015,0.014211569014957761,0.046101812963774906,0.009315102668368234,0.013238571638158694,0.022676940235094187,0.009478108852142092,0.022680920353606193,0.056829276230148405,0.009567504855516912,0.04293834868007922,0.0269036650928286,0.07111767787507459,0.04680552038872411,0.05706581024165568,0.042039916804024115,0.022408436292366725,0.037265744259313394,0.04318254648564712,0.08218583540173469,0.009478108852142092,0.1429500611140213,0.07502759230618299,0.02268490306671958
window_653--NPDC059887,0.004845868311479476,0.6689726261293354,0.02978155696727897,0.038212933434536654,0.031506186669382354,0.034829001034164454,0.032240034892636125,0.029773021239901973,1.0,0.7751879113992264,0.017776801698145238,0.8257442002450229,0.7714217467273587,0.58126913944004,0.044355672165830945,0.02670072509145243,0.7819933795886307,0.010958484495979293,0.616169115879292,0.02985198011344717,0.026700725091452434,0.03127580023453564,0.03008691758851725,0.03287103416048523,0.16541519379535552,0.034668065117045975,0.6710720689586798,0.10975069460088609,0.03848437149107121,0.019420303927756476,0.031921611721110764,0.02857709739312017,0.15946492785079047,0.7589426955397329,0.05010131401203488,0.7818953409564146,0.7817973662138253,0.012850205102593094,0.012850205102593094,0.036249032162069574,0.0380950489000709,0.01779887278915783,0.030130686499877553,0.03297323647117917,0.14947251712233525,0.03283920324630137,0.6130001982715387,0.022704466550416337,0.03179857720567533,0.04825992294318483,0.018307227996531693,0.16040197527169342,0.012687198918819236,0.017334230619732625,0.78169945529843,0.012850205102593094,0.7817973662138252,0.04754556648706762,0.01202615477001616,0.15315825908552627,0.0302757613432796,0.031918788944144336,0.026774414482010386,0.011398172956521034,0.05675877158228883,0.7750942583073344,0.012219003435235513,0.029833345582519946,0.059142081603083194,0.012850205102593094,0.03497371532057248,0.02913320435182358,0.7818953409564144
window_720--NPDC032246,0.003931259722042431,0.5682410258276243,0.0224207790559995,0.02693276083147978,0.02414540875810288,0.027468223122884983,0.02491050907793474,0.022412243328622503,0.7751879113992264,1.0,0.014277704497822171,0.7121001810004275,0.8714514757419335,0.4569131387326114,0.03707812253384957,0.018178711050818287,0.9789674952198854,0.007967503178676807,0.5285563908402593,0.022491202202167698,0.018178711050818287,0.023915022323256166,0.022757391773815867,0.025510256249205755,0.34484608662283867,0.0273072872057665,0.5577183178493073,0.1024731449689047,0.031123593579791733,0.013023033483036156,0.02456083380983129,0.021216319481840697,0.21263775293896336,0.9901210962396432,0.03704963821092491,0.9888463989802423,0.9888463989802423,0.043153185351594917,0.043153185351594917,0.0288882542507901,0.030734270988791425,0.01501113782506358,0.0228138177843812,0.025612458559899694,0.2330149420329723,0.04654059027864001,0.5112314892950354,0.01920536935009327,0.024437799294395858,0.03500500078886663,0.01480813079620863,0.3317996384166818,0.04232691262694811,0.013835133419409559,0.9669259658323005,0.043153185351594917,0.9888463989802423,0.03429064433274943,0.009857697659754194,0.20187557296771885,0.027536542544504338,0.02455801103286486,0.020124998806959726,0.008658954157745771,0.12479752702807446,1.0,0.00947978463646025,0.022503819767818563,0.045887159448764994,0.043153185351594917,0.027612937409293006,0.021772426440544106,0.9888463989802423
window_268--NPDC025403,0.004383226981662362,0.023435118200350977,0.013685466007060953,0.01938134699447638,0.014558979752282146,0.01624196365132763,0.026735307990694603,0.013681142716571306,0.017776801698145238,0.014277704497822171,1.0,0.020325418827386137,0.014205333229907652,0.013932784728598595,0.020806675609963427,0.025081102764568118,0.014414182721674723,0.00643116175213778,0.011767025279212237,0.013652687370735207,0.025081102764568118,0.014364597431279442,0.023687818883326352,0.014684750681496408,0.017289307188740614,0.01616045065434554,0.017839534325628584,0.05306822001125731,0.0180933850515791,0.035148508417967864,0.014769389843417316,0.013015246010571708,0.016311745091595248,0.014279583833118547,0.013039092418191083,0.014412216635283397,0.01441025183014746,0.052861753658069915,0.052861753658069915,0.01696120019663022,0.017774221764047072,0.12973406674754134,0.005573666652361285,0.01530203095059482,0.01495416572993141,0.015056111346974719,0.018576706767128554,0.47101868298373684,0.014542735833599205,0.02890993231753264,0.9084138684811729,0.016730605124356583,0.05213665718542068,0.9289347314142609,0.01440828830501487,0.052861753658069915,0.01441025183014746,0.027991376843965052,0.039727277549655035,0.015808965923594848,0.06830627496456643,0.014925478954931537,0.010936415464772087,0.024041584954236,0.015547218054192968,0.01427582635993599,0.025966290904325125,0.023328916967145556,0.03451137085210016,0.052861753658069915,0.016213554974297863,0.013160567873252323,0.014412216635283397
window_790--NPDC053754,0.005402325369774207,0.730160559288632,0.03467965945376429,0.026354147848577092,0.03640428915586767,0.03972710352064978,0.037110507358111194,0.034671123726387296,0.8257442002450229,0.7121001810004275,0.020325418827386137,1.0,0.7090538170472772,0.6983313566992593,0.0491616698070591,0.03188221854752269,0.6973723068386832,0.013197958815056452,0.7003441681476033,0.034750082599932494,0.03188221854752269,0.03617390272102096,0.03495739005399232,0.037769136646970555,0.18574138013833152,0.039566167603531294,0.7404573616453212,0.11455669224211423,0.04338247397755653,0.017436230426231485,0.03681971420759608,0.03347519987960549,0.18019114221765925,0.7121752020337448,0.058461815972354086,0.7174697601093527,0.7173913272124397,0.014515685142044248,0.014515685142044248,0.04114713464855489,0.042993151386556225,0.019914689984169495,0.0345823429662354,0.037871338957664494,0.13979167216114907,0.03773730573278669,0.6753370348864467,0.025253083679657236,0.03669667969216065,0.038022326055974956,0.020855845125772595,0.18072816161466942,0.01435267895827039,0.019882847748973524,0.7173129454118766,0.014515685142044248,0.7173913272124397,0.03730796959985774,0.013761697109410661,0.17388447345239505,0.03194124138273076,0.036816891430629654,0.031239717034266472,0.013063652995972189,0.06474830217041154,0.7120252077664304,0.013884483474686668,0.03470381804799502,0.04890448471587332,0.014515685142044248,0.0398718178070578,0.034031306838308906,0.7174697601093527
window_64--NPDC045938,0.003913655900117278,0.5662938112164054,0.02227408053995655,0.038753330209871595,0.023998710242059934,0.05172759620899765,0.02476427408164536,0.022265544812579554,0.7714217467273587,0.8714514757419335,0.014205333229907652,0.7090538170472772,1.0,0.453866774779461,0.036932808010624284,0.018014616665491007,0.8716818459708828,0.017190401267292946,0.5265006556354441,0.02234450368612475,0.018014616665491007,0.02376832380721322,0.022611156777526488,0.02536355773316281,0.3431740008422598,0.027160588689723555,0.5555315319701604,0.10232783044567942,0.03097689506374879,0.012970222017260696,0.04625264230779264,0.02106962096579775,0.21113093857993004,0.8616742367163412,0.03679340480290323,0.8814562703985089,0.8814730508964267,0.010058241679962636,0.010058241679962636,0.05440168080050729,0.03058757247274848,0.0149524584186464,0.04502657120575197,0.02546576004385675,0.23166335970516333,0.04627262098933488,0.5337090259423968,0.01913299808217875,0.0357796122668644,0.03474485542041714,0.014735759528294107,0.33012755263610294,0.009895235496188776,0.01376276215149504,0.9040645355102176,0.010058241679962636,0.8814730508964267,0.03403049896429993,0.009810902460941594,0.20036875860868553,0.027483797920649145,0.024411312516821913,0.019991992152414116,0.008606209533890574,0.12384599667254895,0.8714710692885298,0.009427040012605054,0.022357584771529188,0.0456270140803155,0.010058241679962636,0.051822777417507626,0.02162572792450116,0.881456270398509
window_533--NPDC007986,0.0038473603187177776,0.5589586049210973,0.02172161736162738,0.017197131436800343,0.023446247063730767,0.026769061428512868,0.05766399883613421,0.021713081634250384,0.58126913944004,0.4569131387326114,0.013932784728598595,0.6983313566992593,0.453866774779461,1.0,0.03638540455575054,0.017396618020900118,0.4528972460337003,0.05040336973285584,0.5187588049631248,0.021792040507795582,0.01739661802090012,0.02321586062888405,0.0532915144646928,0.024811094554833643,0.12935546282922308,0.026608125511394385,0.5472961475252003,0.10178042699080568,0.03042443188541962,0.012771335273062196,0.023861672115459174,0.02051715778746858,0.12300298311769502,0.45698815976592877,0.035828435784754954,0.4622827178415365,0.4622042849446236,0.009859599258486992,0.009859599258486992,0.028189092556417987,0.030035109294419313,0.014731473147314733,0.022142622557783972,0.02491329686552758,0.09158775557839977,0.024779263640649783,0.501872044746374,0.018860449580869694,0.02373863760002374,0.025064283963838044,0.014463211026985053,0.12434224430556097,0.009696593074713135,0.013490213650185982,0.46212590314406043,0.009859599258486992,0.4622042849446235,0.024349927507720838,0.009634656433538348,0.11669631435243082,0.0272851554991735,0.023858849338492742,0.04828602655704545,0.008407567112414933,0.04315156535018336,0.45683816549861433,0.009228397591129412,0.05277656823712905,0.035946442623736405,0.009859599258486992,0.026913775714920894,0.021073264746171994,0.4622827178415365
window_680--GCA_014650495.1,0.04906122515912101,0.11510775248486188,0.06010681834627005,0.02704351567226889,0.03731449237275835,0.06846672771393744,0.06586596652852089,0.06009264949545245,0.044355672165830945,0.03707812253384957,0.020806675609963427,0.0491616698070591,0.036932808010624284,0.03638540455575054,1.0,0.013857240828208738,0.03735211146068357,0.013614180897285461,0.039666292783382635,0.035679026290375025,0.013857240828208738,0.037089449614634305,0.06199035538110692,0.10338373378913349,0.1579685790808086,0.04043825347849364,0.05130409069494703,0.6155137676292814,0.04419703338888474,0.01778741780811221,0.06365584317568794,0.034414709570450494,0.15191995337319492,0.03708189583169981,0.0344620314598724,0.03734816484253539,0.03734422078380236,0.04922319488070709,0.04922319488070709,0.07081201005334609,0.04382127427191261,0.02030489818625919,0.007467268066925874,0.038764934623452645,0.06508423373288688,0.06543042712700216,0.05241932458138078,0.025734340462234526,0.0637915923342384,0.03891797285624031,0.021337101908349886,0.15383116379320794,0.04871731362071925,0.020364104531550815,0.037340279281995584,0.04922319488070709,0.03734422078380236,0.038234650424264646,0.014071817901459161,0.1470060518740535,0.08036842851983697,0.037716413598197274,0.05672288851911997,0.013413917056155335,0.14506770278713144,0.03707435162870563,0.014234747534869814,0.061533925770311776,0.04961362172002469,0.04922319488070709,0.0685734744595589,0.034970458669935874,0.03734816484253539
window_741--GCA_044326745.1,0.03409403048982461,0.01576960861739716,0.04481935008887498,0.007130340941586594,0.06775728275628398,0.06090361913345782,0.14472026395909074,0.04481050415997959,0.02670072509145243,0.018178711050818287,0.025081102764568118,0.03188221854752269,0.018014616665491007,0.017396618020900118,0.013857240828208738,1.0,0.01848815436416544,0.001668242781663293,0.013574844697035737,0.008545637356533105,1.0,0.052649039823513384,0.13155585321863614,0.02138321166960395,0.011296421365980825,0.04981088029779649,0.013949256335888966,0.037254837949397414,0.0802990592350672,0.16144536216863092,0.05795388796426374,0.008093190280712205,0.010744816280925034,0.01818297221557723,0.00811011722426267,0.01848369663143199,0.01847924180181331,0.28070144927151414,0.28070144927151414,0.06232616543017877,0.011469581539140997,0.02954895855145493,0.0006552795784400243,0.048095880946557354,0.009595247140844938,0.009669533473772095,0.014217140813896927,0.02781996012210341,0.009295427351675663,0.009706656245521916,0.025954794464385096,0.010889479344972077,0.27639583765872877,0.024352050920659958,0.018474789872474334,0.28070144927151414,0.01847924180181331,0.00985153117763514,0.007848068167835613,0.010218077327347976,0.32520957015822866,0.04669330475327539,0.005808195350688017,0.24234777258561074,0.010027373076808696,0.01817445259931292,0.8821732008005709,0.13000525488334325,0.013451217242749797,0.28070144927151414,0.06103890594740466,0.04455991504683124,0.01848369663143199
window_330--NPDC006439,0.003964457127844403,0.5719124774471999,0.02269742410434926,0.02734219550303743,0.024422053806452647,0.027744868171234748,0.025186264476837063,0.022688888376972263,0.7819933795886307,0.9789674952198854,0.014414182721674723,0.6973723068386832,0.8716818459708828,0.4528972460337003,0.03735211146068357,0.01848815436416544,1.0,0.00808553839930604,0.5132398765459075,0.02276784725051746,0.01848815436416544,0.02419166737160593,0.02303314717271819,0.025786901297555523,0.34799878587427524,0.027583932254116265,0.561842173370041,0.1027471338957387,0.0314002386281415,0.013122625700442071,0.024837478858181054,0.02149296453019046,0.21469968069933026,0.9688531935639073,0.03753284489537583,0.9898956975228161,0.9898989898989898,0.04346999636287891,0.04346999636287891,0.029164899299139867,0.031010916037141192,0.015121795844403485,0.023079397030796974,0.02588910360824946,0.23556376507843485,0.047045928566958904,0.5149348443422777,0.019341847573945824,0.02471444434274562,0.03549558467460688,0.01494460902006118,0.3349523376681184,0.04264372363823211,0.01397161164326211,0.9677420879404484,0.04346999636287891,0.98989898989899,0.03478122821848967,0.009945939387402937,0.20393750072808575,0.02763600646665164,0.024834656081214622,0.02037582365079684,0.008758418079893072,0.1260996030556407,0.9789741956036954,0.009579248558607551,0.02277957516672089,0.04637774333450524,0.04346999636287891,0.027889582457642774,0.022049071488893873,0.9898956975228161
window_9--GCA_036227125.1,0.0017848694760349898,0.015887428543026046,0.0051803812610079665,0.005148106008060803,0.005561143662771051,0.006294752029021645,0.031116733644663306,0.005178496749768889,0.010958484495979293,0.007967503178676807,0.00643116175213778,0.013197958815056452,0.017190401267292946,0.05040336973285584,0.013614180897285461,0.001668242781663293,0.00808553839930604,1.0,0.00839896788212724,0.0052265504794921005,0.0016682427816632935,0.008063928246866688,0.028334243590109685,0.006115467387826485,0.01057213253298465,0.0062592207226448374,0.014401957017599696,0.041516057136242325,0.007101781870156902,0.0019669812266881544,0.005652860881983817,0.004941379344682114,0.009696907973672356,0.007969128549743942,0.004952047474406571,0.008083838000264895,0.008082138709336516,0.0018769410659430158,0.0018769410659430158,0.006608265394922775,0.007070394813342144,0.007481713409275455,0.004961548884721897,0.005885037774856062,0.008552550730771285,0.00864071991307901,0.008804468331017373,0.0071379255926051315,0.020018231290590386,0.005958499673606862,0.006656592928952024,0.010088930747571433,0.001843215648610493,0.006243069043812419,0.008080440525438059,0.0018769410659430158,0.008082138709336516,0.006049851865624136,0.002400617101863448,0.009291837384750475,0.005482228564016084,0.005581768721347734,0.056353231732689864,0.0015765206219281068,0.009065460849051549,0.007965878843207676,0.001746347617524206,0.028006550536205477,0.00832092709809697,0.0018769410659430158,0.006282368759547133,0.005125151624481785,0.008083838000264895
window_657--NPDC053751,0.005425006697539135,0.6867509487959859,0.027677367744666115,0.026487715667637225,0.029021235045006415,0.03161044104353792,0.032434486145125,0.027670716528528195,0.616169115879292,0.5285563908402593,0.011767025279212237,0.7003441681476033,0.5265006556354441,0.5187588049631248,0.039666292783382635,0.013574844697035737,0.5132398765459075,0.00839896788212724,1.0,0.027840317927551293,0.013574844697035737,0.02896438644420008,0.03028136884100613,0.03097767172167265,0.14935021202255772,0.031485036432796244,0.8389382566083641,0.09198231073142676,0.03445878165930941,0.017504274409526267,0.029344942877522054,0.026833831569398395,0.16290946663647646,0.5286097741212455,0.05195153533111359,0.5323772626367931,0.5323214515503641,0.014583553071054396,0.014583553071054396,0.03271695880554191,0.03434800381172792,0.009830130703376131,0.007309966178822572,0.030164390734718216,0.12338931576471895,0.03034105343799554,0.7511481228396026,0.012681660837464102,0.029508552605494707,0.03042366802442692,0.01205875974332479,0.1453486972371045,0.014420546887280537,0.0115236111860853,0.5322656768229492,0.014583553071054396,0.5323214515503641,0.030746087525664358,0.008957977325146128,0.1391492130289733,0.032009109311740905,0.029094029369394706,0.02431292673130989,0.013131520924982334,0.05727895993835508,0.5285030415721951,0.013952351403696814,0.03002779683500883,0.03876164716968613,0.014583553071054396,0.031767538599420456,0.02748243961575018,0.5323772626367931
window_267--NPDC046215,0.0037454916020264136,0.04105352727486122,0.02101140764440046,0.016597237882951203,0.04293710078697055,0.026058851711285944,0.023505549016310745,0.021002871917023463,0.02985198011344717,0.022491202202167698,0.013652687370735207,0.034750082599932494,0.02234450368612475,0.021792040507795582,0.035679026290375025,0.008545637356533105,0.02276784725051746,0.0052265504794921005,0.027840317927551293,1.0,0.008545637356533107,0.022505650911657127,0.021352431712191873,0.024100884837606716,0.0846699032383784,0.07791491497433849,0.03666031838035896,0.10112062554021187,0.0560778384382028,0.012465729122988104,0.02315146239823225,0.044707325587127505,0.10518054833966695,0.022495011665606295,0.044791927161534115,0.022763861940264776,0.02275987922715139,0.009554345730551764,0.009554345730551764,0.02747888283919106,0.752801040461873,0.014530607013544628,0.004510774352968038,0.024203087148300655,0.023862407402389128,0.02406905392342286,0.03777555226679272,0.018580352223006306,0.02302842788279682,0.02435407424661112,0.014183113669121665,0.09690104249030478,0.009391339546777906,0.013210116292322594,0.022755899108639382,0.009554345730551764,0.022759879227151388,0.02363971779049391,0.00950229326551928,0.10031353690957451,0.02697990197123827,0.023148639621265822,0.03827489705476233,0.02832881910483074,0.07556967886864535,0.022487395165911923,0.008923144063194183,0.021098859706194573,0.03523623290650948,0.009554345730551764,0.026203565997693967,0.020363055028945067,0.022763861940264776
window_495--GCA_044326755.1,0.03409403048982461,0.015769608617397162,0.04481935008887498,0.007130340941586595,0.06775728275628398,0.060903619133457834,0.14472026395909077,0.04481050415997959,0.026700725091452434,0.018178711050818287,0.025081102764568118,0.03188221854752269,0.018014616665491007,0.01739661802090012,0.013857240828208738,1.0,0.01848815436416544,0.0016682427816632935,0.013574844697035737,0.008545637356533107,1.0,0.052649039823513384,0.13155585321863617,0.021383211669603955,0.011296421365980826,0.04981088029779649,0.013949256335888966,0.037254837949397414,0.0802990592350672,0.16144536216863092,0.05795388796426375,0.008093190280712205,0.010744816280925036,0.018182972215577232,0.008110117224262671,0.01848369663143199,0.01847924180181331,0.2807014492715142,0.2807014492715142,0.06232616543017878,0.011469581539140999,0.029548958551454934,0.0006552795784400244,0.048095880946557354,0.00959524714084494,0.009669533473772097,0.014217140813896929,0.027819960122103415,0.009295427351675663,0.009706656245521916,0.0259547944643851,0.01088947934497208,0.27639583765872877,0.024352050920659965,0.018474789872474334,0.2807014492715142,0.01847924180181331,0.00985153117763514,0.007848068167835613,0.010218077327347978,0.3252095701582287,0.04669330475327539,0.005808195350688017,0.2423477725856108,0.010027373076808697,0.018174452599312923,0.8821732008005709,0.1300052548833433,0.013451217242749797,0.2807014492715142,0.06103890594740467,0.04455991504683124,0.01848369663143199
window_439--NPDC041068,0.033172454619412525,0.0424173737843388,0.0526565761432117,0.05229820302653712,0.07768994613545206,0.06445579603982712,0.04420861233783256,0.05263662249479795,0.03127580023453564,0.023915022323256166,0.014364597431279442,0.03617390272102096,0.02376832380721322,0.02321586062888405,0.037089449614634305,0.052649039823513384,0.02419166737160593,0.008063928246866688,0.02896438644420008,0.022505650911657127,0.052649039823513384,1.0,0.04013425190080762,0.043170055977508934,0.040454636229475954,0.08834689820643257,0.03808413850144743,0.10248447204968944,0.10007451303099943,0.01297155995548006,0.05765930154177953,0.05049173206510423,0.03869930884479922,0.023918831786694763,0.06952264533017238,0.024187682061353244,0.024183699348239857,0.010059577934976312,0.010059577934976312,0.06777534932583909,0.030748719698280857,0.015111375747146504,0.004791791482130235,0.0835979525289923,0.025286227523477596,0.025492874044511327,0.03919937238788118,0.008988337948982008,0.024452248003885284,0.08339033115505513,0.014895023729665897,0.039322132044913735,0.009896571751202454,0.01392202635286683,0.02417971922972785,0.010059577934976312,0.024183699348239857,0.06055285524668547,0.009969271279889575,0.03745394447580211,0.02748513417566282,0.05770451824688998,0.03493844571949074,0.051372616988337214,0.03692337447025775,0.023911215287000392,0.05478390533704499,0.039654415643305026,0.11761883142167928,0.010059577934976312,0.06452548228177193,0.07196026209312076,0.024187682061353244
window_584--NPDC021736,0.004822094254079647,0.04121509485302613,0.04365865450554239,0.018073784725047223,0.04041044111010117,0.06494771787968653,0.8646835283399991,0.04363897609644227,0.03008691758851725,0.022757391773815867,0.023687818883326352,0.03495739005399232,0.022611156777526488,0.0532915144646928,0.06199035538110692,0.13155585321863614,0.02303314717271819,0.028334243590109685,0.03028136884100613,0.021352431712191873,0.13155585321863617,0.04013425190080762,1.0,0.04293344404022938,0.049986528353496006,0.045565960272769324,0.036857218018729015,0.17103832131005742,0.051782914718553244,0.014022632690033222,0.05825122471219317,0.020080865070307083,0.047179316353200426,0.022761189124500494,0.03162077994515284,0.023029174822815815,0.023025205057396136,0.1452450066577896,0.1452450066577896,0.06821659426346731,0.029563788506544616,0.012729357546014428,0.013839876893477366,0.024464089709469873,0.04200473915734664,0.042353411253618696,0.03796599066175786,0.028599671027598167,0.04059738100131827,0.04316413634258341,0.0242159591841692,0.04807773355958703,0.14303349810413488,0.023247048190799372,0.023021237873937703,0.1452450066577896,0.023025205057396133,0.04271271524375357,0.1655044178198141,0.044927713789097865,0.028378695920013384,0.023413751359302,0.08059842153668675,0.1255365107106266,0.04403281461373387,0.022753596838748728,0.13668009938246864,0.9175086918848723,0.06076767236164807,0.1452450066577896,0.06501897866352291,0.020635235753046925,0.023029174822815815
window_757--NPDC003691,0.004216094671144617,0.04401584504808203,0.05762697444295295,0.03837168947386097,0.04344686876968082,0.06929509189627264,0.04680905518764335,0.05760724250174379,0.03287103416048523,0.025510256249205755,0.014684750681496408,0.037769136646970555,0.02536355773316281,0.024811094554833643,0.10338373378913349,0.02138321166960395,0.025786901297555523,0.006115467387826485,0.03097767172167265,0.024100884837606716,0.021383211669603955,0.043170055977508934,0.04293344404022938,1.0,0.05396586680946365,0.04862085168403947,0.037578532091262565,0.26141391998169494,0.05486571665971713,0.03503522621169681,0.06257411400375891,0.03921908591859967,0.051146229031322946,0.025514065712644356,0.03930003819709703,0.025782915987302833,0.02577893327418945,0.025087579739631938,0.025087579739631938,0.07257776125688448,0.03234395362423045,0.01519664571499167,0.08048571458277531,0.046557218926024505,0.04604894113304939,0.04639886257533317,0.03869376597769632,0.031071544639955435,0.0446367358132064,0.04621022593631485,0.015215176979882863,0.05204815972360495,0.024587319382532856,0.014242179603083795,0.02577495315567744,0.025087579739631938,0.025778933274189446,0.04575917873954155,0.009852117904368244,0.04888469543990927,0.07856601096104912,0.04439769408038874,0.05565738623387641,0.020631343153410787,0.04798626356385416,0.025506449212949985,0.022658923988665525,0.04247701442943423,0.06390173423150822,0.025087579739631938,0.06936623499344974,0.04061359321825601,0.025782915987302833
window_690--NPDC020656,0.004663811727941511,0.2663906248959408,0.048033688900451205,0.03717122802797126,0.030184691518928324,0.0563935982681186,0.05386213950090998,0.048019520049633606,0.16541519379535552,0.34484608662283867,0.017289307188740614,0.18574138013833152,0.3431740008422598,0.12935546282922308,0.1579685790808086,0.011296421365980825,0.34799878587427524,0.01057213253298465,0.14935021202255772,0.0846699032383784,0.011296421365980826,0.040454636229475954,0.049986528353496006,0.05396586680946365,1.0,0.06095474775806567,0.1912576405310373,0.2998314877226769,0.037067232535054714,0.015220689500733398,0.0515827137298691,0.050102216007491054,0.7518847074843207,0.3448895047034355,0.050188765252617965,0.3479533734547836,0.34790799048562887,0.012305129739999483,0.012305129739999483,0.05873888060752724,0.11338204085748466,0.017346056636603754,0.021207412855235457,0.03163513376962262,0.3151447538325698,0.053357297681183316,0.18247322896086865,0.022216972041011713,0.05161336586483347,0.046954276961485866,0.017819733487127072,0.9350590053691018,0.012142123556225626,0.016846736110328,0.34786263693817215,0.012305129739999483,0.34790799048562887,0.0462709545295102,0.011803378148209854,0.7519175918235836,0.02973068598068599,0.030586612744367248,0.04531520715299192,0.010853097593927424,0.5594816452705613,0.3448026960743158,0.011673928072641903,0.04953009874270086,0.057649925825270246,0.012305129739999483,0.05650034501374006,0.027840657816105847,0.3479533734547836
